[app/ui]
version = 4.3.3
modtime = 1353347103.928505000

[app/launcher]
version = 4.3.3
modtime = 1353347103.930244000

[app/package/check_for_updates]
version = 4.3.3
modtime = 1353347103.931894000
